13.072777777777778
13.778055555555556
16.453055555555554
14.9125
15.046111111111111
5.1725
6.294444444444444
5.4275
5.800277777777778
6.0925
6.490555555555556
7.408611111111111
7.395277777777777
6.613888888888889
6.563055555555556
6.043333333333333
5.444166666666667
5.918055555555555
5.159722222222222
5.9191666666666665
5.558055555555556
5.731944444444444
5.860277777777778
6.389444444444444
5.425
5.968333333333334
6.620277777777778
5.794722222222222
6.466111111111111
7.255833333333333
6.301944444444445
5.904166666666667
6.706388888888889
7.16
6.548611111111111
6.537222222222222
6.783611111111111
6.385
6.146388888888889
6.337777777777778
