15.772222222222222
16.447222222222223
17.72277777777778
17.203055555555554
15.884444444444444
8.799444444444445
9.055277777777778
8.739166666666666
8.203333333333333
5.159166666666667
5.476666666666667
5.875555555555556
6.302222222222222
4.881111111111111
5.284722222222222
5.241666666666666
4.876666666666667
5.535555555555556
5.581388888888889
5.5175
6.399166666666667
5.339444444444444
5.2716666666666665
5.306388888888889
5.5680555555555555
5.776666666666666
5.891944444444444
5.415277777777778
5.2975
5.706111111111111
5.5697222222222225
5.226944444444444
5.899444444444445
5.701388888888889
5.1322222222222225
5.266944444444444
6.679444444444444
5.442777777777778
5.737777777777778
5.5680555555555555
