5291
5194
4992
4981
4624
5002
5258
4207
4533
5355
4972
4776
4798
4810
4899
5116
4365
4750
5132
4629
4863
4918
4636
5193
4700
4831
4544
4811
5059
4790
4893
4782
5514
5586
5329
4813
5184
4611
4689
5021
4706
5001
4595
4742
4388
4551
4953
5118
4257
5028
4182
4967
4653
4515
4871
5034
4639
4529
4435
4919
5523
5053
5302
5313
5180
4885
4643
4797
4984
4729
4943
4314
4829
4562
4996
5711
4846
4946
5021
4807
4770
5033
5194
4779
4843
4711
4816
5104
5049
4619
4678
5053
5458
4793
4794
4430
4422
5102
5046
4854
4656
5156
4613
5026
4693
5005
4415
4652
4937
4588
5306
5531
4691
4535
5098
4754
4503
5109
4472
5065
5249
4933
4866
5309
4617
4540
4969
5174
4896
4457
5404
5066
4942
5117
4927
4736
4683
5070
4759
5277
4278
4670
5463
4723
4900
4877
4747
4862
5050
4229
4699
4460
5232
5228
5043
5457
4643
4949
4733
4583
5395
5152
4659
5329
4603
5156
5508
5059
4765
5214
4778
4911
4625
5158
4960
4111
5148
4822
5047
5094
5368
5323
4562
5254
4962
4677
4775
4641
5487
5144
4540
4769
4692
4649
4489
4602
4318
4726
4808
4671
4728
5214
4580
4535
4344
4627
4850
5297
4982
4592
4773
5034
5182
5463
5626
5049
5009
5078
5153
4624
5058
4607
5349
4172
5182
5251
4962
4264
5385
4983
4904
5012
5223
5339
4903
4782
4477
5300
4846
3999
5468
4578
5144
4834
5289
5410
4383
5019
4326
4685
4590
5089
4754
4649
4780
4715
5059
5067
5221
4870
4705
4559
5060
5001
5178
4821
4736
4480
5248
4973
5011
4573
5049
4865
4696
5327
4881
5256
5273
4750
4585
4624
5538
4510
4754
4154
5311
5210
5052
4522
4834
4647
4708
4255
4691
4524
4906
4701
4460
4512
4830
4917
4901
4452
5295
4867
4727
5203
4364
5165
5290
4737
4939
4501
4753
4756
5227
4425
4781
5266
5089
4389
4541
4638
4793
4690
4824
5548
5520
4753
4701
4855
4584
4794
4852
4726
4263
4827
4811
4790
4774
5221
4920
4529
4913
5016
5024
4452
5223
4484
5009
4849
4569
4719
5195
4277
5150
5185
4582
4710
4985
4493
4979
4819
4431
5068
5689
5092
4850
4909
5428
4258
4713
4238
5237
5117
4886
4657
4627
5278
5460
4666
4789
4813
4561
4951
4439
4754
5060
4949
4851
4800
4115
4826
4930
4952
5285
4729
3878
4981
4881
4982
4855
4924
4970
4927
4630
4674
3899
5059
5178
5836
4556
5251
5151
4588
4685
4742
5053
4889
4935
4904
4740
4404
5114
4642
4395
4682
5187
4706
4712
5125
4689
5128
4710
4580
4880
5367
4947
4437
4814
4581
4851
4807
4393
4625
5875
4807
4753
5401
5053
4923
4932
4979
5342
4843
4691
4965
4968
5365
4939
4845
4913
5032
4963
5475
4870
4816
4662
4926
4898
5130
4566
4004
4777
4798
4628
5380
4902
4943
4391
4846
4042
4994
4802
5026
4713
4617
5064
5419
4872
4718
4699
4407
5581
4910
4644
4672
5095
4735
4881
4990
5294
4611
5075
5247
4508
5653
4972
5114
4965
4828
5326
4955
4932
4377
5320
4568
5365
4947
4617
5640
4792
5007
5991
4803
4528
4789
4999
4593
4768
4429
5344
4783
4603
5134
4861
4773
4752
5506
5022
5184
4308
4981
4914
4921
4897
4356
5060
4232
4263
4612
5091
4511
4354
4812
4700
4683
5111
4810
5222
5136
4855
4757
4938
5468
4694
4440
5101
4384
5029
4665
4649
5349
5358
4846
5354
5145
5318
4699
4707
4655
4573
5208
4906
5604
4760
4747
5018
4942
4494
5483
4813
5122
5105
5044
5363
4545
5074
4697
5317
4138
5057
4813
4804
4812
4997
4579
4600
4689
4725
5085
4634
5151
5057
5211
5079
4764
4918
5283
5238
4253
4462
5050
4485
4278
4750
4733
4973
5134
4935
5376
5198
4877
5265
5105
5178
5500
4266
4843
4993
4425
4890
4704
4630
5001
5160
4930
4394
4455
4272
4918
4723
4974
4984
4578
4970
4903
4853
4787
4975
5163
5500
5130
5133
5337
5812
4732
4511
4521
4526
4579
4553
5026
4806
5002
4652
5549
4756
4785
4839
4915
4819
4722
5356
4485
4688
4348
4589
4718
4756
5172
5338
5060
4844
4520
5233
4429
4848
4878
5418
4615
5090
5284
4961
5468
5157
5131
4811
4978
4495
4840
4892
5240
5148
5078
5172
4838
4328
5051
4095
4666
4915
4903
4716
4808
5130
5022
4702
5066
4823
5215
4464
4328
4602
4759
5200
5063
5012
4204
4600
4844
4567
4657
4781
4368
4983
5053
4702
4614
4540
4651
4566
5312
4291
4367
4837
5756
4463
4320
4955
4655
5164
4446
5293
4765
5255
4968
4360
5146
5152
5203
5258
4881
4501
5324
4715
4955
5429
5069
4769
4574
4632
4815
5189
4881
4716
5521
4912
4852
4641
5515
4955
5039
5153
5342
4476
4942
4826
4230
4757
5203
5054
4630
4968
4327
4671
5219
5231
5215
5200
4913
4646
5208
5244
4914
4698
5162
4846
5020
5110
4336
4575
5151
4680
4271
5858
4911
4759
5011
4769
4447
4718
4478
5264
5179
4828
4786
4879
5186
4942
4365
5652
4873
4244
5438
4606
5041
4947
4856
5036
5142
4429
4164
5134
4924
4870
5920
4231
4972
5494
5428
4440
4934
5425
4842
4033
4597
4375
4708
4753
4947
4936
5180
5568
4564
5563
4777
4986
4525
5254
4801
5001
4853
4655
4769
4687
5250
4729
5396
4840
5027
4586
5265
4537
5531
4361
4784
5329
4693
4811
4376
5194
4767
4792
4682
4614
4473
4517
5607
4621
5058
4957
5064
4618
5143
4933
5265
5188
4435
4336
4821
4662
5613
4840
5056
4912
4937
4453
4766
5011
4943
4673
4972
4761
4950
5187
4566
4555
4781
4925
4855
4741
4432
4775
4832
5230
4465
5030
4695
4843
5086
4786
5001
5053
4519
4490
4383
4462
4714
3918
5126
4660
4527
4783
4862
5112
4444
4824
4673
4839
4841
4869
5076
4285
5618
4033
4988
4736
4731
5251
4739
5003
4824
4919
4818
4993
4904
5421
4998
4149
5004
4774
5028
5042
5289
5233
4303
4363
5347
