45453
46450
46375
44480
44341
46167
49310
53291
47021
46550
47247
49609
52294
44294
49962
44483
46477
45564
49776
48270
49396
43738
45826
45815
44987
48002
47794
42985
50207
45032
46757
45310
50922
48898
49596
50155
46558
46403
51412
48467
47652
44043
48607
45776
48415
45004
47157
45911
45180
48947
46901
48623
46482
50553
44854
53814
46658
45099
49054
45705
47046
50237
49293
42437
45176
50866
42463
44798
47555
45755
45837
47592
47628
48089
47160
49515
50631
47629
43928
43853
45620
48009
43152
46053
47625
48582
48928
49908
49377
45985
43655
44652
45327
44512
48794
48943
44160
47854
47313
43708
47087
46822
48262
45970
43829
48823
44662
50400
49799
45907
48826
47115
44347
45907
48515
48670
48375
45305
43886
48325
48737
47832
46200
47828
44912
46019
51917
46113
45907
49355
47841
50442
47460
46102
49770
47928
42770
47826
45427
46960
42919
50974
51348
58293
48959
50172
45443
45663
48296
46474
48853
47177
49864
45177
48601
52088
45255
51028
45486
47845
43421
47312
44930
45322
46655
46698
45081
47026
44824
46528
46144
45715
50406
46103
47209
44248
47592
47501
44391
45536
46594
47509
46934
47237
46358
47883
47242
47678
48678
51389
44359
49112
46378
43076
50451
47734
46434
48634
48409
46660
50012
49937
42502
45200
48078
43697
46895
43303
49124
49352
42647
44077
43420
50210
45378
47849
46043
48622
46566
45832
44780
44886
48230
45947
50942
45600
47382
46573
45333
45114
49114
51993
49273
50320
45873
47009
41742
48720
48986
45593
43481
46674
43244
47312
43235
50970
46032
49336
43639
45923
46533
48648
45059
46296
47406
45383
46612
47612
48758
46622
46639
49982
49826
48651
46260
45657
45098
44540
45261
43203
47017
46298
50935
43471
49460
48098
47374
46438
45962
46871
43603
45696
49902
44789
47096
43118
46752
48225
46932
48892
45404
47514
46739
42460
48118
46523
43009
44784
45491
46484
49333
45810
48928
51166
48285
47027
44055
46279
49165
50855
45970
47546
46734
45901
47524
46864
49425
44209
48598
45936
46499
53215
45472
47385
46765
44941
43221
48201
48371
45967
48052
44405
44835
46851
47426
45832
45866
43853
46449
44785
45581
48446
45128
45252
46815
47234
47395
45879
51861
43662
47815
44799
45777
49372
44976
45686
44264
43598
45299
46762
47880
44644
53144
48580
43271
49975
49261
50780
44923
50065
47698
47933
44860
43727
50716
46617
44554
40902
50200
46219
46694
45596
45192
46209
49541
45601
45855
46176
46804
46284
43862
46152
47285
43118
47338
46183
43114
44832
44566
49162
49619
50485
46203
47108
46002
46534
45765
46280
44210
50184
47641
48253
47633
51427
53060
46509
41346
47011
45240
45017
48215
47441
47930
48657
45041
51574
47051
50359
47732
44526
46278
50953
46792
47160
46460
44749
43768
46436
46874
49207
51518
50429
49315
46839
44935
44879
53245
45261
45394
47946
45688
44929
51291
46490
46562
44112
49269
46412
50347
50431
46537
51475
47633
49499
45391
45512
46872
45627
51537
47237
48286
48321
46520
46228
49530
44556
49852
46331
45367
49322
49954
44110
48173
49471
50868
50108
47788
49744
45987
48169
47181
45148
45646
48235
48088
47705
48781
47794
49374
43426
52196
44422
42894
48957
49785
46754
49516
46577
48019
49969
46442
50076
50416
43542
53513
44410
46670
43096
50111
50741
51309
42847
43530
48968
47552
49543
46443
48976
45234
46400
43995
49587
50508
50567
44607
45487
43681
48200
50069
45931
46101
50750
46627
45807
44948
50641
47379
48829
48360
47335
49942
48955
46396
48256
48192
45431
47230
44053
49413
45211
47561
49932
46253
43888
48220
47186
45483
47576
45760
41374
48487
46998
44429
46041
46992
49545
43710
49917
44785
47905
45987
51755
44846
46848
49067
48923
52657
44954
45213
49335
44116
44079
49908
49004
48307
47100
45541
46928
47149
43572
48514
48633
45395
48616
53025
48082
48064
46043
48231
50369
47652
46028
48731
48460
47340
50817
48293
43838
45773
44199
43729
48221
47257
45176
43771
43490
45959
49817
43715
48494
45458
46420
48087
49638
47977
49999
47519
49993
46768
44345
47262
44137
46773
47212
46436
53434
46606
45887
47584
45838
50645
49014
47483
48452
48498
45363
45187
50640
47995
46168
48648
43932
47304
49290
46680
49203
47202
46465
46702
48476
48874
46864
46723
46194
46970
44546
47076
45531
50697
48554
47686
45365
49861
51277
45855
47751
46607
44621
46486
44463
49955
43493
46533
46337
44658
47004
45104
48358
48353
49977
50281
46916
42046
44106
47986
51789
49975
45198
45917
50846
48182
49235
47108
49987
46850
47495
50444
51184
49062
51770
47684
47718
50458
48346
45384
42580
46844
50067
47335
44202
49097
52080
43855
43553
48634
49101
49207
49853
49517
42474
47199
45931
48424
46622
43369
46950
45268
47435
49105
49885
45081
47031
47488
47378
48329
48586
47282
50109
51549
42909
46366
43513
47360
47342
48875
46788
45219
49337
45161
46860
47691
45373
45884
48020
48475
47394
46872
43817
48755
45598
47302
45840
42292
52287
46924
45340
43126
45461
51249
46255
46322
48496
50944
50937
46716
47646
48252
49359
47790
45176
48028
48248
47125
45379
47720
45434
45356
45298
48288
49595
44958
46146
43479
51691
44080
47409
49794
46924
51616
51315
48821
45660
45261
48973
43710
45810
50950
45315
50890
47769
48033
45957
46989
48205
47422
48524
47758
44817
48903
48674
47500
43615
46371
44946
47071
51002
44829
47160
47542
43368
48393
45841
48071
46383
47327
50004
50247
43438
42523
48248
45744
46930
40587
49814
46774
51966
47251
44090
46199
50755
45680
48184
50052
50794
49960
44683
45856
46128
49450
45584
46628
44829
44162
51121
46344
46520
48016
46083
48892
47780
48668
47727
44659
49557
46478
46806
49839
46678
52977
43348
47155
42888
50431
48632
44445
44305
45535
47674
47099
46225
43023
45176
45482
48922
47345
45475
43007
45106
50835
47130
47475
47484
42532
45766
46651
50111
43674
46732
44717
47635
45773
45332
47826
48892
51696
51751
47384
48352
44537
45262
49439
47759
44545
46453
48801
50410
45037
45998
44205
45457
47249
47193
46941
48585
48044
47793
50376
49683
51592
45787
45188
46043
53545
50450
43769
50148
45587
43009
46554
48341
52797
49095
47113
47625
45649
43737
42492
45327
46941
45593
50216
46201
43790
49829
44979
47684
49571
44410
44833
49017
42886
47547
48919
45190
48065
47607
47083
47798
48056
43939
