52621
49588
54531
51509
54682
48877
47905
48270
57054
48497
53175
53007
52254
51180
48925
54666
49106
52462
47263
53565
52239
50089
48595
48417
50021
51720
51880
52432
52659
46472
52352
50569
51570
49391
52855
48596
51320
46286
57314
54515
52242
48502
49203
52105
51438
51488
50900
58517
48599
54792
47905
54826
50315
54724
52571
53177
50914
48026
50619
53290
48969
53880
48444
50781
56219
52971
49348
50779
52164
48629
56049
52303
48744
53263
47780
57635
47651
52179
50492
53589
53990
55102
50452
54639
48621
53526
54167
47947
52234
51292
54706
50044
54904
55867
51006
56110
52622
51481
54146
51245
