40162
41256
41383
39499
39717
41165
44052
49084
42488
41195
42275
44833
47496
39484
45063
39367
42112
40814
44644
43641
44533
38820
41190
40622
40287
43171
43250
38174
45148
40242
41864
40528
45408
43312
44267
45342
41374
41792
46723
43446
42946
39042
44012
41034
44027
40453
42204
40793
40923
43919
42719
43656
41829
46038
39983
48780
42019
40570
44619
40786
41523
45184
43991
37124
39996
45981
37820
40001
42571
41026
40894
43278
42799
43527
42164
43804
45785
42683
38907
39046
40850
42976
37958
41274
42782
43871
44112
44804
44328
41366
38977
39599
39869
39719
44000
44513
39738
42752
42267
38854
42431
41666
43649
40944
39136
43818
40247
45748
44862
41319
43520
41584
39656
41372
43417
43916
43872
40196
39414
43260
43488
42899
41334
42519
40295
41479
46948
40939
41011
44898
42437
45376
42518
40985
44843
43192
38087
42756
40668
41683
38641
46304
45885
53570
44059
45295
40696
40801
43246
42245
44154
42717
44632
39949
43558
46631
40612
46079
40753
43262
38026
42160
40271
39993
42052
41542
39573
41967
40059
41314
41366
40804
45781
40945
42249
40137
42444
42679
39344
40442
41226
42186
42372
41983
41396
43206
42467
43037
43191
46245
39819
44343
41686
38427
45962
43132
42116
43908
43601
41989
45284
44723
37922
40665
43734
39070
42045
38006
44142
44760
37874
39043
38238
44747
39752
42800
41034
43544
41413
41208
39722
40279
42881
41775
45760
40349
42420
42309
39948
40131
44210
46981
44050
44981
40970
42227
37265
43420
44140
41594
38013
42096
38100
42478
37946
45560
41649
44317
39313
41238
41943
43559
40305
41647
42626
40668
41553
42545
43537
41752
41934
45423
44766
43650
41082
40836
40362
40060
40013
38230
42006
41725
45886
38606
44764
42771
42493
41182
40689
42121
39018
41072
44364
40279
42342
38964
41441
43015
41880
44370
40570
42867
42031
38205
43427
41999
38103
40083
41031
41972
44503
40893
44027
46714
42990
42160
39328
41076
44801
45690
40680
42809
41795
41400
42771
42108
44198
39784
43817
40670
41410
48826
40931
42747
41972
40251
38397
42653
42851
41214
43351
39550
40251
42057
42574
41106
41603
39026
41638
39995
40807
43225
40208
40723
41902
42218
42371
41427
46638
39178
42806
39950
41208
44653
39781
41409
39114
38413
40717
42052
42895
40151
48165
43761
38840
44907
43572
45688
40073
45156
42270
43675
40147
39489
45479
41500
39668
36245
45573
40941
41234
40930
40403
41396
44980
40650
41416
41422
41744
41335
39011
41352
43170
38292
42408
41231
37829
40103
40688
44181
44738
45503
41348
42184
41032
41607
41135
41606
40311
45125
42463
42417
43077
46176
47909
41921
36661
42269
40187
40128
43280
42537
43190
44253
39927
46932
42656
45677
42545
39820
41566
45828
42103
42032
41750
40169
38888
41069
41927
44770
46704
45848
44464
42032
40542
40254
47370
40454
40641
42545
40635
40006
46359
41511
41220
39269
44578
41447
45379
45066
41598
46630
42720
44467
40428
40037
42002
40811
46875
42311
43388
43191
41954
42224
44753
39758
45224
40951
40465
44379
45563
39264
44131
44477
46066
45082
43075
45127
40923
42750
42309
40430
40947
43828
42507
42795
44137
43122
44279
38691
47315
39432
37600
44346
44710
41507
45008
40924
43047
44855
41477
45248
45090
38587
48581
40033
41350
38528
44746
45794
46692
37207
38738
43961
41561
44740
41915
44187
40235
41807
39227
45158
45164
45784
40004
40353
38820
43427
45317
40425
41079
45566
42319
40826
40034
45720
42482
44473
43300
43103
45679
44343
41305
43745
43838
40619
42530
39370
44302
40401
42339
44796
41398
39131
43282
41718
40789
43136
40659
36990
43458
42333
39780
40692
41634
44699
38356
44772
39467
43206
41280
47100
40273
41640
44161
43319
47897
40207
40195
44393
39622
38596
45095
43882
43202
42056
40178
42383
42075
38875
43197
44495
40338
43803
48221
43270
43067
41464
43631
45680
42927
40943
44097
43309
42283
45606
43214
39074
40855
38916
38491
43968
42795
40126
39286
39212
41209
45084
38742
43360
40523
41044
42889
44761
42712
44894
42341
44493
42502
39502
42269
39712
41883
42508
41806
48433
41446
40957
43190
41383
46373
44096
42760
43478
43514
40785
40217
45737
43142
41381
43673
38769
41804
44160
41547
43866
41390
41733
42191
43955
44348
42285
42170
41168
42164
39544
42424
39982
45941
43769
42847
40450
45042
46555
40499
43266
41919
40273
41897
39745
45199
38321
41195
41277
39814
42484
39871
43929
43505
45099
44863
42301
36956
38822
43025
46321
44818
40067
41106
45868
43687
44395
42216
44747
41702
42417
45272
46346
44734
46719
43589
43052
45543
43443
40668
37772
41714
45045
42633
39136
44274
46865
39391
39225
44032
44342
44007
44790
44505
38270
42599
41087
43857
41965
38588
42582
40285
42382
44403
45271
40541
42380
42922
42066
44038
44219
42445
44353
47086
38589
41411
38858
42196
42896
43582
42023
39964
44369
40801
41714
42539
40170
40626
43139
43974
42070
42157
38862
43326
40529
42533
41266
37660
47472
41735
40459
38410
39940
46337
41403
41681
42981
45989
45898
41563
42304
43776
44417
42964
40946
43271
43045
42071
40749
42752
41107
40685
40079
43057
44380
39758
41233
38833
46483
38836
42495
45096
41762
46770
46295
43711
41324
40686
43822
39030
41539
45092
40404
46131
42758
43264
41510
42271
43727
42158
43345
42930
40031
44024
43488
42558
39250
40719
40073
42827
45564
40223
42119
42595
38512
43357
40699
43642
42219
42193
45080
45377
37518
38292
43276
40250
41502
36147
44880
41349
47124
43218
39493
41824
46047
40927
43237
45116
45614
44392
40119
40293
41351
44464
41059
41374
40028
39161
46268
41689
41751
43329
40833
44163
42384
43828
42700
40073
44292
41941
41275
45478
41894
47648
38655
42344
38512
45237
43865
39653
39623
40921
43201
42582
40618
38402
40118
40525
43858
42727
40332
38074
39841
45647
42695
43139
42663
37870
40153
41811
45055
38762
41795
40264
42869
40762
40389
43153
43920
46935
46801
42197
43786
39982
40481
44514
42904
39804
42021
44026
45578
39807
41533
39175
40762
42406
42107
42155
43584
42991
43274
45886
45300
47130
41073
41270
40917
48885
45923
38986
45286
40475
38565
41730
43668
47958
44254
42244
42549
41364
38119
38459
40339
42205
40862
44965
41462
38787
45005
40060
42866
44578
39506
39412
44019
38737
42543
44145
40162
43023
42318
41850
43495
43693
38592
