14.347777777777777
16.754444444444445
11.919722222222223
18.323055555555555
17.44333333333333
12.040833333333333
14.431111111111111
13.150833333333333
13.412777777777778
13.232222222222223
10.6725
8.915833333333333
10.515
11.5
11.781944444444445
10.994722222222222
9.389444444444445
8.30638888888889
12.322222222222223
9.5375
8.171666666666667
7.945277777777778
9.77111111111111
8.598611111111111
8.7625
9.27111111111111
8.6675
8.8575
6.920833333333333
6.148333333333333
8.760555555555555
7.3
7.310277777777777
5.9125
5.763333333333334
4.907777777777778
5.915555555555556
5.1994444444444445
6.285277777777778
5.288888888888889
