2063
1367
1629
1863
1634
1613
1986
1522
1660
1702
1568
1660
1440
1531
1630
1785
1368
1361
1549
1796
1764
1492
1557
1570
1641
1754
1605
1467
1850
1737
1687
1659
2022
1925
1612
1427
1752
1517
1599
1682
1760
1554
1564
1561
1839
1434
1410
1683
1312
1692
1485
1713
1717
1657
1666
1779
1535
1767
1690
1651
1672
1440
1725
1836
1837
1589
1721
2293
1654
1359
1917
1530
1628
1751
1667
2057
1459
1733
1669
1730
1896
2025
1893
1642
1697
1616
1349
1924
1605
1617
1535
1953
2002
1591
1792
1566
1524
1422
1894
1743
