32259
32265
31710
31868
33364
33567
31870
32675
34577
34188
30280
31056
30054
30254
32604
32591
32065
33564
31274
33124
31795
32290
32918
31544
31665
33270
30897
30247
31226
32632
32266
30039
31645
32913
30140
30717
33333
32115
32771
31281
33101
32740
33048
33538
33103
30351
31794
32652
32696
32792
30260
32679
31446
30294
31908
30502
31206
31566
33676
31421
32648
33632
32617
31661
32169
33203
33298
30536
31080
32578
32656
29803
31918
31385
31177
32827
34321
32189
34705
29241
31872
35119
31289
32583
30866
33107
34085
32883
30149
32036
31889
30576
29915
32442
31479
32765
31670
32853
31197
31679
