14.347777777777777
17.95611111111111
13.492222222222223
19.670555555555556
21.83416666666667
12.929722222222223
14.608611111111111
14.946111111111112
14.144166666666667
14.073888888888888
8.422222222222222
9.513333333333334
10.373055555555556
9.925555555555556
11.610833333333334
11.120833333333334
9.61
8.462777777777777
11.562222222222223
9.328333333333333
8.391111111111112
7.945277777777778
9.633333333333333
8.603333333333333
7.907777777777778
9.27111111111111
8.43
8.832777777777778
6.788333333333333
6.602777777777778
7.745833333333334
6.775555555555556
8.056666666666667
5.89
6.271388888888889
5.186388888888889
5.685
5.286388888888889
6.176388888888889
5.189444444444445
