1842
1684
1640
1844
1502
1682
1787
1685
1645
1891
1857
1823
1641
1722
1825
1920
1632
1585
1751
1740
1522
2017
1569
1543
1720
1901
1626
1783
1929
1598
1880
1376
1987
1918
1695
1691
1977
1459
1757
1582
1688
1564
1629
1839
1703
1666
1346
1854
1427
1656
1370
1777
1462
1790
1820
1921
1570
1779
1511
1526
1630
1737
1596
1473
1737
1801
1787
1765
1814
1569
1745
1334
1735
1768
1533
2131
1427
1815
1574
1681
1706
1951
2104
1737
1808
1825
1849
1959
1861
1791
1651
1740
1880
1619
1799
1869
1469
1526
1954
1714
1741
1845
1758
1883
1637
1958
1931
1553
1467
1779
1920
1763
1489
1361
1766
1529
1690
1586
1512
1904
1768
1857
1554
1823
1707
1464
1680
1775
1795
1377
2029
1714
1661
1573
1846
1683
1786
1621
1632
1934
1500
1617
1860
2041
1732
1688
1733
1894
1591
1764
2032
1636
1479
1732
1693
1793
1429
1880
1561
1893
1799
1533
1663
1769
1923
1731
1718
1672
1411
1809
1501
1849
1902
1813
2020
1690
1927
1789
1721
1954
1589
1769
1632
2006
1488
1871
1685
1317
1850
1878
1675
1749
1556
1494
1566
1399
1509
1868
1824
1735
1814
2032
1892
1691
1486
1360
1490
1638
1814
1554
1636
1650
1487
1843
1819
1673
1719
1651
1930
1843
1587
1597
1833
1602
1733
1655
2156
1486
1605
1960
1752
2002
1697
2040
1786
1653
1581
1868
1565
1541
1719
1839
1699
1887
1623
1838
1560
1972
1612
1703
1798
1725
1753
1948
1486
1682
1633
1706
1880
1577
1792
1763
1835
1674
1995
1533
1659
1616
1612
1596
1821
1473
1852
1839
1940
1682
1690
1923
1807
1804
1876
1932
2061
1723
1769
1311
1592
1824
1674
1570
2024
1934
1864
1451
1485
1684
1281
1438
1732
1624
1651
1551
1626
1978
2004
1702
1489
2183
1859
1685
1514
1725
1498
1725
1559
1640
1733
1410
1713
1640
1700
1750
1394
1771
1877
1648
1797
1833
2136
1667
1557
1601
1405
1584
1519
1523
1690
1659
1655
1830
1538
1840
2204
1874
1691
1797
1960
1757
1955
1869
1808
1777
1516
1799
1753
1509
1887
2043
1488
1769
1716
1547
1943
1773
1556
1815
1808
1768
1624
1858
1850
1387
1528
1270
2026
1752
1464
1857
1513
1583
1873
1693
1429
1912
1683
1715
1502
1835
1736
1519
1488
1567
1501
1493
1705
1618
1949
1615
1493
1893
1714
1773
1567
1632
1722
1620
1589
1406
1261
1768
1735
2296
1747
1711
1670
1495
1529
1682
1930
1668
1733
1839
1774
1481
1619
1914
1824
1514
1887
1783
1195
1732
1772
1794
1637
1590
1619
1571
1674
1649
1894
1720
1797
1835
1541
1865
1882
1668
1708
1850
1870
1674
1867
1726
1709
1559
1734
1979
2085
1974
1670
1756
1894
1677
1617
2119
1570
1588
1600
1815
1650
1718
1510
1529
1794
1497
1546
1823
1407
1830
1665
1746
1611
1737
1635
1932
1709
1901
1630
2025
1702
1716
1507
1627
1872
1680
1585
1701
1709
1710
2047
1869
1669
1720
1776
1656
1667
1872
1994
1521
2031
1934
1915
1563
1996
1750
1911
1304
1583
2085
1500
1874
1854
1763
2029
1803
1642
2179
1544
1500
1584
1387
1889
1705
1790
1479
1766
1680
1688
1774
2010
1672
1707
1833
1574
1869
1444
1794
1756
1534
1795
1842
1722
1619
1616
1419
1892
1413
1596
1532
1864
1862
1780
2056
2001
1598
1463
1419
1614
1316
1555
1745
1829
1608
1944
1557
1758
1675
1866
1907
1682
1779
1606
1795
1834
2151
1789
1798
1785
1472
1546
1687
1534
1567
1655
1828
2107
1880
1700
1472
1972
1588
1910
1429
1739
1812
1676
1346
1731
1528
1586
1571
1513
1845
1853
1780
1551
1792
1766
1592
1803
1364
1585
1766
1457
1391
1675
1522
1654
1758
1791
1717
1515
1670
1617
1578
1628
1805
1458
1871
1756
1474
1734
1844
1811
1976
1952
1795
1503
1637
1670
1796
1531
2036
2004
1489
1660
1844
1632
1310
1768
1684
1750
1906
1428
1790
1956
1794
1212
2049
1567
1878
1839
1782
1554
1637
1758
1749
1550
1571
1452
1982
1758
1418
1871
1886
1643
1847
1741
1810
1849
1503
1969
1782
1622
1769
1876
1483
1761
1784
1880
2017
1800
1786
1644
2257
1407
1634
1783
1672
1789
1694
1851
1799
1669
1818
1997
1630
1806
1902
1713
1563
1724
1496
1529
1802
1514
1811
1400
1623
1724
1910
1259
1584
1814
1777
1947
1982
1649
1485
1762
1644
1781
1534
1662
1944
1907
1752
1807
1722
1820
1765
1752
1879
1410
1571
1589
1923
2078
1675
1594
1803
1710
1837
1827
1704
1853
1690
1832
2019
1669
1854
1623
1733
1606
1831
1806
1643
1817
1786
1501
1643
1683
1567
1607
1629
1390
1643
1598
1782
1781
1647
1826
1801
1576
1778
1525
1660
1810
1666
1491
1576
1645
1795
1590
1516
1868
1904
1860
1873
1661
1642
1759
1826
1889
1791
1775
1435
1974
1728
1740
1392
1571
1833
1860
1671
2030
1566
1736
1716
1696
1639
1689
1573
1991
1811
1746
1312
1851
1666
1772
1922
1859
1447
1587
1925
1511
1389
1791
1568
1719
1498
1635
1606
1768
1533
1784
2280
1579
1701
1674
1788
1656
1590
1775
1805
1332
1747
1691
1454
1463
1631
1715
1772
1855
1621
2076
1693
1957
1587
1734
1665
1766
1870
1633
1879
1712
1696
1808
2268
1677
1768
1319
1973
1606
1732
1666
1862
1904
1398
1509
1741
1771
1766
1919
1624
1414
1715
1749
1843
1585
1547
1898
1709
1744
1750
1831
1721
1911
1529
1679
1726
1620
1699
1576
1627
1474
1662
1558
1839
1636
1752
1544
1624
1751
1755
1548
1521
1648
1736
1742
1692
1389
1634
1650
2087
1571
1631
1444
1723
1778
1837
1735
2071
1685
1817
1732
1640
1950
1769
1438
1634
1661
1449
1543
1658
1706
1519
1609
1553
1827
1985
1648
1885
1759
1825
1794
1789
1760
1643
1690
1302
1566
1923
1576
1621
1766
1688
1891
1990
1373
1651
1740
1634
1854
1946
1806
1777
1359
1974
