40594
42063
37569
36915
41136
39289
39917
38676
37158
41090
39331
42515
42026
40443
39564
37708
36555
41517
38478
43379
39112
41164
39301
40055
37800
39654
38651
40665
37066
38975
36695
40669
41684
41254
41013
37011
41259
40323
41167
43180
37311
40272
40753
39187
40125
40223
39089
41339
35309
41884
37692
44590
41746
39183
36337
37535
37281
38143
38965
39159
38794
41361
41413
39346
39421
38179
39003
38992
38977
39959
38927
37499
39353
42415
41657
40187
38123
39084
37072
40333
38137
40108
38772
42137
43933
39725
40231
41250
41131
41612
39437
40633
38315
39366
39370
36946
36949
39635
39428
37382
39584
40538
39652
38803
41206
39070
35329
40809
42620
38941
38299
40982
38105
39325
41818
43102
37000
35697
37351
40157
39632
42373
37208
38770
38861
36638
38025
39321
38466
40149
39154
39704
35912
41090
41856
35663
39898
40836
39952
42286
38301
37973
43719
41077
41513
38362
39359
41245
39148
38494
40625
36563
40954
36275
42891
38640
41007
37418
36469
38780
42772
38941
38070
39465
42675
39925
40523
38335
41871
39049
39633
41685
36534
41692
38772
39918
36480
39965
36861
39839
39477
39918
41398
41579
37080
39887
38855
39305
40543
40565
39524
41133
38076
35513
36338
40757
40854
42831
43384
37431
37424
37935
38310
38433
38762
39294
36557
38704
40729
39481
39947
39535
39529
41204
40763
40323
39519
39035
41609
41133
40830
38674
40273
39285
41890
40880
37165
38801
36508
40988
42683
41898
43835
40699
40738
38136
39047
39384
36825
41540
40212
41662
38677
38263
40083
41072
39660
40121
38122
41204
38429
44333
37590
37940
40608
38637
41665
40668
42215
42588
37697
39129
40106
40805
39353
39034
42639
37084
38986
38346
37760
37173
38184
41098
41023
38535
39200
43216
39289
40059
39240
40296
42390
38372
40139
40012
37812
39584
36670
40175
39467
42296
36965
35196
39080
41474
37734
42480
39061
39101
39576
43501
41673
36573
37183
37259
37622
35159
41357
37563
39766
42109
39068
38331
43437
37665
40299
39599
37778
40893
39915
44181
38323
41946
38145
39091
39049
44270
43165
42727
36578
41608
38001
37414
37122
39397
38300
38487
38059
39970
40635
40681
38774
39505
36228
40478
42558
40212
39625
36726
39561
36741
40226
44050
40128
39046
40583
39390
39589
39865
39659
37455
39970
43847
39636
40371
36150
39473
38075
39602
36252
38746
40264
38901
41948
38881
40024
40900
38193
42161
40126
41086
37597
39471
36984
42184
36536
42507
39388
40866
37604
37088
38819
43011
38775
40797
39740
37492
39275
40180
42170
43741
42438
40834
37741
40946
40584
37302
41257
40711
38705
39996
42469
42232
40621
41176
36860
39074
38476
35712
39320
38777
40506
37897
41842
39687
37558
39855
40844
37926
40147
38541
37814
39231
38544
37821
37797
42115
40946
35590
43440
41157
37971
41204
39541
38115
41530
40142
38567
40856
43036
36782
37026
41376
40891
34690
40730
38659
41449
42808
37006
43181
42963
41935
40446
39591
41424
39984
36683
42908
36549
36628
39393
38178
39302
38692
39441
38495
43108
41396
39311
36799
39099
37471
41359
37200
38816
44137
39514
38338
37698
40251
39722
37626
38933
39034
38460
41007
41424
35061
40761
39615
38275
41659
42057
43404
37805
39918
42119
40333
43852
36041
36947
40997
35679
38328
38156
35110
38783
38438
37984
37735
38274
40998
37824
39275
38054
39325
39405
36932
36622
38707
42850
40683
41304
41286
42726
40264
35942
41264
36689
42286
38812
38228
41989
40300
41139
38095
41083
38878
38956
37885
38065
40113
37518
37646
37037
35810
38275
40071
42095
41286
38201
37954
39918
43522
38452
39945
42528
41945
36069
41503
37456
38944
38233
38318
41425
40196
41307
43453
35578
39661
39813
39008
42217
37979
40047
39229
39386
42056
37623
44801
38193
42124
43560
39886
38903
40537
41140
37850
37987
40078
35888
40042
38522
37876
36541
36351
39992
36949
40303
40358
41151
38380
38683
41167
40860
38394
40659
42192
36202
35922
38194
43182
38277
41421
40837
42152
38912
39955
39129
35456
41136
37315
40545
40210
39720
39125
37236
38946
41500
38006
42615
42262
37608
41698
41398
36671
40532
39950
40861
42301
39186
39097
40090
36374
41196
37353
39691
39741
39661
40993
40368
38707
44976
43088
40010
42510
37855
42072
38947
43583
38517
38953
36821
39325
41960
41781
39610
40499
43605
42265
39194
39797
39811
41027
37469
38870
39570
39520
37906
40148
41851
36362
37409
42886
37716
37497
38729
42235
40172
39630
41498
37681
40651
39975
38660
41429
38754
38596
42255
36850
40876
39585
38186
40724
40381
42847
41229
39539
37898
39430
40946
37942
40885
36699
44791
37552
41659
39753
38406
44131
38896
39785
38618
40536
38348
40563
41765
39223
39622
38018
38695
38378
38968
37423
38830
39756
40383
40172
41008
41560
39057
40894
37544
39744
40086
40216
37899
39351
40014
40083
43440
39427
43880
43346
40940
37141
38079
41395
42249
38782
45420
40873
40997
38569
38409
39452
41226
41405
38328
39405
37498
41108
41338
39170
40586
38426
41723
40486
37731
40690
42840
39260
42198
39099
38246
38934
38863
39421
40737
39628
40062
36415
41740
39827
41969
39758
38559
37904
41882
40311
38463
40228
41249
42423
39865
40661
36920
40445
43636
38357
40204
39191
39918
37339
42594
39572
41513
39650
37383
38802
38503
38644
39279
42087
38356
38785
36303
39612
39529
38070
38414
37755
38506
40618
35622
43022
39513
41465
39713
39391
38953
37690
41446
37459
39052
38363
42130
41208
39297
38025
39089
38858
37857
37752
38307
40976
37112
39071
40990
39665
37549
40288
42626
37892
42957
35693
40148
38909
36909
39071
41518
41423
36798
41630
38632
39973
42269
39609
39458
39170
37475
40588
37581
39072
43976
36964
41095
39730
38107
39663
36845
39865
44466
37516
41463
38280
38639
37641
38430
38655
40103
37438
35728
35350
41065
39277
38273
37153
37020
38119
42247
40301
38976
37101
37704
37393
37166
37076
38261
43910
38828
39048
38083
42795
40524
38434
35607
39855
38849
41660
41547
36525
37195
38274
37356
39098
40935
40390
37690
36362
40440
41938
39562
40958
39463
40592
38233
42209
37067
38353
41053
41838
40201
39529
44241
38220
38640
39577
40113
40553
43707
39922
39413
37666
40975
39807
42431
40406
41935
38354
43246
36519
36651
39131
38082
40753
38027
40940
40589
38620
37858
35756
43586
38476
42186
40899
38817
44480
