30196
30898
30081
30005
31730
31954
29884
31153
32917
32486
28712
29396
28614
28723
30974
30806
30697
32203
29725
31328
30031
30798
31361
29974
30024
31516
29292
28780
29376
30895
30579
28380
29623
30988
28528
29290
31581
30598
31172
29599
31341
31186
31484
31977
31264
28917
30384
30969
31384
31100
28775
30966
29729
28637
30242
28723
29671
29799
31986
29770
30976
32192
30892
29825
30332
31614
31577
28243
29426
31219
30739
28273
30290
29634
29510
30770
32862
30456
33036
27511
29976
33094
29396
30941
29169
31491
32736
30959
28544
30419
30354
28623
27913
30851
29687
31199
30146
31431
29303
29936
