38752
40379
35929
35071
39634
37607
38130
36991
35513
39199
37474
40692
40385
38721
37739
35788
34923
39932
36727
41639
37590
39147
37732
38512
36080
37753
37025
38882
35137
37377
34815
39293
39697
39336
39318
35320
39282
38864
39410
41598
35623
38708
39124
37348
38422
38557
37743
39485
33882
40228
36322
42813
40284
37393
34517
35614
35711
36364
37454
37633
37164
39624
39817
37873
37684
36378
37216
37227
37163
38390
37182
36165
37618
40647
40124
38056
36696
37269
35498
38652
36431
38157
36668
40400
42125
37900
38382
39291
39270
39821
37786
38893
36435
37747
37571
35077
35480
38109
37474
35668
37843
38693
37894
36920
39569
37112
33398
39256
41153
37162
36379
39219
36616
37964
40052
41573
35310
34111
35839
38253
37864
40516
35654
36947
37154
35174
36345
37546
36671
38772
37125
37990
34251
39517
40010
33980
38112
39215
38320
40352
36801
36356
41859
39036
39781
36674
37626
39351
37557
36730
38593
34927
39475
34543
41198
36847
39578
35538
34908
36887
40973
37408
36407
37696
40752
38194
38805
36663
40460
37240
38132
39836
34632
39879
36752
38228
34553
38176
35140
37885
37888
38149
39766
39573
35592
38016
37170
37988
38693
38687
37849
39384
36520
34019
34772
39358
39345
40963
41560
35696
35610
35903
36418
36742
37276
37934
35067
37066
38915
37927
38311
37885
38042
39361
38944
38650
37800
37384
39679
39290
39243
37077
38440
37683
40157
39225
35009
37315
34903
39028
40931
39896
42138
38659
38952
36483
37466
37516
35260
39999
38493
39823
36978
36376
38460
39234
38100
38149
36510
39501
36631
42608
35837
35992
39122
36955
40032
38962
40335
41011
35905
37366
38271
39131
37358
37501
40980
35468
37374
36750
35939
35700
36332
39259
39083
36853
37510
41293
37482
38255
37364
38364
40329
36649
38370
38701
36220
37760
34996
38605
37443
40362
35101
33745
37595
39790
36453
41042
37329
37477
37925
41950
40047
34595
35179
35557
36133
32976
39498
35878
38252
40384
37570
36606
41878
36025
38566
38189
36065
39253
38215
42431
36929
40175
36268
37443
37252
42437
41029
41060
35021
40007
36596
35830
35603
37874
36610
36828
36404
38140
39097
38841
36570
37631
34537
38681
40598
38455
37670
34857
37753
34964
38710
42251
38375
37537
38696
37347
38101
38096
37943
35908
38027
42074
38080
38556
34342
37705
36451
37744
34402
37359
38736
37631
39922
37129
38560
39043
36680
40578
38253
39393
36168
37559
35301
40469
35034
40672
37652
39347
36116
35521
37318
41518
37070
39179
37791
35877
37782
38287
40456
41968
40871
39202
36019
39326
38995
35896
39996
38943
36970
37700
40722
40521
38951
39681
35331
37392
36546
34044
37587
36938
38732
36416
40223
37773
35734
38341
38957
36143
38952
36809
36042
37437
36907
36231
36178
40544
39272
33941
41546
39437
36174
39369
38000
36250
39648
38474
36859
39006
41166
35108
35159
39650
39182
33131
38996
36680
39364
40834
35336
41425
41069
40258
38829
37472
39854
38396
35083
41093
34899
34910
37883
36649
37508
37195
37895
36672
41701
39566
37646
35053
37488
35734
39724
35268
37107
42236
37884
36313
35996
38535
38215
35999
37061
37354
36875
39306
39715
33351
38714
37746
36606
39939
40281
41748
36138
38046
40125
38812
41821
34107
35032
39434
33683
36578
36245
33806
37200
36353
36484
35861
36420
39235
35795
37472
36412
37146
37861
35432
35038
37320
40961
38978
39514
39807
40960
38584
34254
39490
34679
40614
37105
36395
40415
38431
39695
36301
39327
37344
37161
36043
36343
38494
35902
36227
35145
34397
36679
38539
40231
39424
36421
35898
37917
41924
36989
38526
40914
40629
34514
39758
35627
37336
36289
36761
39667
38521
39441
41546
33896
37882
38207
37213
40383
35828
38258
37431
37601
40584
36077
43114
36659
40557
41905
38058
36796
38657
39440
36378
36015
38490
33978
38613
36783
36064
34865
35005
38261
35421
38717
38787
39638
36535
36830
39387
39309
36602
38893
40600
34399
34558
36609
41416
36820
40030
39162
40630
37258
38197
37338
33739
39621
35645
38928
38632
38092
37320
35778
37075
39744
36532
40881
40418
35797
39722
39446
34876
39029
38313
39191
40505
37655
37061
38086
34885
39536
35509
38059
38431
37893
39309
38618
36801
43548
41298
38054
40716
36643
40023
37380
41705
36678
37171
35267
37688
40202
40032
38060
38928
42153
40283
37436
38379
37940
39141
35826
37023
37829
37710
36057
38645
39882
34580
35787
41117
35840
36014
36968
40451
38292
37613
39698
35895
39007
37718
37253
39795
36971
36924
40466
35156
39025
37786
36517
38906
38384
41217
39423
37637
36185
37867
39222
36446
39356
34897
43277
35741
40259
38130
36682
42221
37637
38201
36804
38759
36401
38581
40116
37738
37860
36374
36914
36844
37306
35479
36923
38004
38576
38450
39188
39795
37305
39015
36134
38173
38497
38293
35821
37676
38420
38280
41730
37590
42053
41642
39087
35451
36247
39376
40580
36928
43797
39140
39391
36738
36603
37809
39409
39619
36827
37762
35815
39541
39731
37541
39196
36783
40125
38704
35950
39043
41014
37459
40622
37321
36721
37274
37053
37755
39246
38052
38417
34620
40150
38311
40101
37854
36699
36031
40221
38669
36704
38402
39360
40632
38090
39226
34946
38717
41896
36965
38633
37358
38058
35668
40564
38006
39777
37934
35687
37163
36814
37071
37288
40276
36610
37473
34452
37946
37757
36148
36555
36308
36919
38693
34111
41633
37722
39897
37994
37893
37318
36084
39678
35926
37268
36083
40551
39507
37623
36237
37433
37268
36082
35947
36975
39229
35421
37617
39527
38034
35834
38516
40771
36271
40881
34000
38191
37322
35175
37406
39752
39553
35165
39751
36920
38277
40461
37341
37781
37402
36156
38615
35975
37340
42310
35102
39191
38332
36598
37922
35074
38099
42547
35892
40049
36565
36890
35798
36845
37108
38205
35729
33984
33600
39234
37556
36362
35624
35341
36393
40627
38602
37400
35474
36230
35731
35608
35237
36625
42158
37284
37424
36332
41040
38976
36913
33959
38119
37107
39968
40158
34891
35545
36187
35785
37467
39491
38667
35912
34525
38705
39867
37877
39141
37731
38952
36283
40440
35629
36719
39392
40389
38658
37871
42535
36701
37031
38024
38286
38568
42059
38037
37654
35841
39181
38018
40671
38763
40245
37052
41680
34596
35075
37510
36316
39065
36136
38950
39216
36969
36118
34122
41732
36530
40380
39122
37458
42506
