14.185277777777777
15.084722222222222
13.651944444444444
14.933333333333334
13.12
6.0183333333333335
6.853611111111111
6.119166666666667
6.139444444444444
5.613888888888889
5.5697222222222225
6.110833333333333
5.793888888888889
5.7316666666666665
6.303888888888889
6.1025
6.256111111111111
6.148055555555556
6.611666666666666
6.648055555555556
7.006388888888889
5.666666666666667
5.9255555555555555
5.935555555555555
6.019444444444445
5.844444444444444
5.724166666666667
5.670555555555556
5.348055555555556
6.630833333333333
6.152222222222222
5.505277777777778
6.388888888888889
6.022777777777778
6.029444444444445
6.3566666666666665
6.208888888888889
6.415
6.451388888888889
5.948611111111111
