19.02111111111111
15.62138888888889
13.52111111111111
15.363888888888889
14.114166666666666
8.838888888888889
7.686944444444444
5.289722222222222
5.054166666666666
5.182222222222222
5.129444444444444
5.875555555555556
5.128888888888889
5.245
6.010555555555555
5.421388888888889
6.752222222222223
5.392777777777778
4.9591666666666665
5.1194444444444445
5.661388888888889
5.365
5.313611111111111
5.1930555555555555
5.381666666666667
5.360555555555556
5.138333333333334
5.614166666666667
5.2975
5.176944444444445
5.478888888888889
5.226944444444444
5.899444444444445
5.162222222222222
5.512222222222222
5.460277777777778
5.8436111111111115
5.428055555555556
6.1561111111111115
5.2811111111111115
