5552
5489
5075
4705
4621
4953
5481
4775
4658
5253
5099
5039
5562
4460
4871
4739
5047
4745
5347
4415
5602
4532
4557
5102
4994
4992
4473
4096
5290
5175
4789
5149
5560
5642
5448
4789
4909
4523
5309
5217
4751
4457
5044
4391
4610
4465
5147
5213
4396
4888
4351
5095
4744
5121
4788
5119
4942
4394
4388
5160
5367
5364
5261
4778
5061
5229
4684
4930
5069
4832
4806
4244
5126
4979
4982
5881
5303
5092
4746
4536
4731
5286
5227
4588
4497
4954
5112
5268
5162
4395
4641
4921
5482
4674
4967
4671
4557
4741
4867
4755
