47069
44099
49456
46804
50061
43924
42424
43495
52396
43244
48076
47968
46692
46720
44054
49927
44059
47717
41916
49150
46637
45557
44038
43315
45027
46728
47407
48336
47369
41297
47563
45420
46010
43749
47407
43807
46411
41763
52005
49298
47491
44045
44159
47714
46828
47023
45753
53304
44203
49904
43554
49731
45571
49603
47783
48058
45972
43632
46231
48130
43602
48516
43183
46003
51158
47742
44664
45849
47095
43797
51243
48059
43618
48284
42798
51754
42348
47087
45746
49053
49259
49816
45225
50051
44124
48572
49055
42679
47072
46897
50065
45123
49422
51193
46039
51439
48065
46740
49279
46490
